0 0.437772 0.864021 0.130534 0.159329
1 0.636068 0.619654 0.0998008 0.142146
0 0.228531 0.382349 0.0628989 0.103216
0 0.18084 0.441806 0.0654348 0.120072
0 0.604596 0.719518 0.114517 0.182037
0 0.563959 0.856832 0.120544 0.18509
0 0.275891 0.32764 0.0582888 0.0935057
1 0.654717 0.521077 0.0995326 0.145637
0 0.721795 0.269816 0.0793522 0.0827167
1 0.312429 0.275792 0.0548603 0.0794043
0 0.706685 0.317193 0.0769188 0.0980899
1 0.654706 0.221423 0.068961 0.0516082
0 0.73392 0.226636 0.0682395 0.0702854
0 0.692878 0.372635 0.0808563 0.110189
0 0.442585 0.203573 0.0584824 0.0771836
0 0.466808 0.172153 0.0558187 0.0721342
0 0.379508 0.201104 0.0549298 0.0760744
