1 0.6064 0.719676 0.115135 0.185498
1 0.567136 0.863822 0.126428 0.204089
0 0.386462 0.294385 0.0591375 0.0923525
0 0.34983 0.341441 0.0616795 0.0922024
0 0.619145 0.311926 0.0906496 0.0784516
0 0.675659 0.45075 0.0856082 0.119305
0 0.379588 0.201713 0.0559658 0.0790223
0 0.312414 0.275014 0.0534815 0.0799143
0 0.574794 0.435378 0.092258 0.0919346
0 0.312254 0.399265 0.0602299 0.10576
0 0.704495 0.317357 0.0816948 0.0977957
0 0.275945 0.328161 0.0594729 0.0968046
0 0.347473 0.235738 0.0549414 0.0844751
1 0.635636 0.621294 0.103795 0.139352
0 0.690413 0.373493 0.0832471 0.10928
1 0.600041 0.374882 0.088875 0.0789874
0 0.415412 0.245933 0.0572635 0.0752272
1 0.65288 0.521977 0.101012 0.148138
1 0.179941 0.44149 0.0639141 0.123385
0 0.443013 0.204387 0.0581093 0.0778432
1 0.434562 0.865136 0.140388 0.168452
0 0.407842 0.169588 0.0502181 0.0696784
1 0.634453 0.262779 0.0836048 0.0627448
1 0.228257 0.385303 0.0632915 0.100809
0 0.722354 0.269616 0.0816055 0.0843905
0 0.656663 0.220737 0.0695436 0.0521193
1 0.733578 0.225001 0.0665144 0.0716414
0 0.466707 0.172321 0.0564272 0.0709296
