0 0.438811 0.864117 0.128797 0.152367
0 0.228236 0.38255 0.0634855 0.102215
0 0.180924 0.440455 0.0638265 0.11972
0 0.722975 0.269503 0.0798265 0.0839957
0 0.604832 0.718411 0.113203 0.178918
0 0.706116 0.317552 0.0782547 0.100032
1 0.654565 0.520543 0.100562 0.14649
0 0.692333 0.373602 0.0816112 0.111595
0 0.561399 0.853166 0.116307 0.176017
1 0.63611 0.617961 0.0991354 0.147093
0 0.733016 0.225383 0.0683991 0.0702159
0 0.275937 0.326194 0.0585379 0.0942297
0 0.655863 0.219934 0.0663154 0.0509412
0 0.442295 0.204106 0.0584713 0.0773305
0 0.466917 0.172885 0.0559561 0.071383
0 0.675259 0.447832 0.0838859 0.120117
