1 0.574521 0.671111 0.102848 0.155824
1 0.605857 0.488506 0.0921265 0.107106
1 0.507576 0.893285 0.12077 0.206263
1 0.596645 0.573449 0.09832 0.128332
1 0.628579 0.417251 0.0870327 0.0965829
1 0.551588 0.784671 0.116541 0.171348
1 0.365613 0.90804 0.145473 0.174581
1 0.50413 0.490945 0.0954592 0.0944715
1 0.536905 0.415086 0.0851327 0.0793874
1 0.203437 0.377567 0.0699497 0.114985
1 0.241495 0.462266 0.0707833 0.116636
1 0.640483 0.355863 0.0793764 0.0794327
1 0.283471 0.398592 0.0604901 0.104752
1 0.353538 0.302073 0.0612689 0.0784363
1 0.574126 0.313949 0.0796731 0.0646079
1 0.246944 0.335117 0.0643105 0.0916521
1 0.315052 0.344544 0.0633597 0.094311
1 0.378357 0.255389 0.0601208 0.079135
1 0.653975 0.309854 0.0751451 0.0706934
1 0.314348 0.254998 0.054353 0.0777158
1 0.15415 0.427184 0.076901 0.123595
1 0.281554 0.289301 0.056909 0.0849852
1 0.102481 0.499167 0.0708424 0.12869
1 0.543631 0.363516 0.0868546 0.0723173
1 0.576014 0.268105 0.075598 0.0578352
1 0.341244 0.220596 0.056002 0.0790616
1 0.401907 0.226087 0.0507601 0.0754366
1 0.66833 0.274993 0.0699741 0.0641148
