0 0.366787 0.910133 0.14292 0.171312
0 0.507773 0.893982 0.116151 0.200102
0 0.626278 0.420338 0.0863586 0.094892
0 0.311762 0.257063 0.0553788 0.0794048
0 0.201535 0.380594 0.0697045 0.114931
0 0.594867 0.576372 0.0954967 0.126107
0 0.282897 0.402074 0.0606273 0.103266
0 0.376568 0.25821 0.0599208 0.0789138
0 0.502213 0.493493 0.0972964 0.0936679
0 0.246407 0.337643 0.0656751 0.0931373
0 0.314347 0.346784 0.0647437 0.0959682
0 0.637857 0.358681 0.0802189 0.0793425
0 0.535657 0.417118 0.0849361 0.0790613
0 0.603307 0.491151 0.0918276 0.107778
0 0.352428 0.303535 0.0604208 0.080193
0 0.100414 0.50307 0.072849 0.131421
0 0.571906 0.317514 0.0794011 0.0635732
0 0.238687 0.464721 0.0713829 0.115231
0 0.541227 0.366456 0.0867923 0.0713529
0 0.28032 0.291631 0.0568787 0.085035
0 0.550593 0.789394 0.115933 0.171456
0 0.400125 0.228134 0.0495953 0.0764777
0 0.574011 0.271498 0.0753826 0.058426
0 0.153657 0.431052 0.076043 0.120352
1 0.340077 0.221006 0.0579827 0.082926
0 0.651573 0.312466 0.0758307 0.0701633
0 0.6664 0.277165 0.0720967 0.0669781
0 0.572251 0.674509 0.10109 0.157323
