0 0.989138 0.50594 0.021724 0.0895075
0 0.321361 0.508873 0.107828 0.0845684
0 0.333999 0.402558 0.109866 0.0937066
0 0.63624 0.51484 0.109938 0.0885927
0 0.626146 0.625952 0.108525 0.0957562
0 0.990912 0.405059 0.0181759 0.092975
0 0.211092 0.629114 0.116752 0.0943237
0 0.33157 0.627805 0.104029 0.0910556
0 0.756699 0.513946 0.102225 0.0873379
0 0.757629 0.403717 0.106238 0.0922233
0 0.221368 0.734989 0.106522 0.0901572
0 0.753758 0.623168 0.110139 0.0950238
0 0.215438 0.40999 0.116169 0.0836365
0 0.649351 0.402884 0.104461 0.0893289
0 0.63175 0.738206 0.108369 0.0908459
0 0.34117 0.735498 0.103892 0.0928066
0 0.991212 0.7238 0.0175768 0.122453
0 0.992152 0.620552 0.0156954 0.0960773
