0 0.474446 0.121806 0.056067 0.214348
0 0.348261 0.882863 0.0542566 0.20158
0 0.0260902 0.888955 0.051753 0.207529
0 0.41154 0.858996 0.0491542 0.1979
0 0.731048 0.650686 0.0553074 0.192075
0 0.0889037 0.871918 0.0678722 0.20707
0 0.803013 0.848118 0.0556939 0.202454
0 0.669939 0.864001 0.055108 0.187861
0 0.280849 0.88782 0.0528624 0.223422
0 0.216744 0.894818 0.0514525 0.199839
0 0.538324 0.84922 0.0437705 0.183102
0 0.79002 0.102552 0.0593068 0.205103
0 0.860962 0.641149 0.0583263 0.200432
0 0.924319 0.652522 0.0613496 0.19534
0 0.470753 0.863943 0.0460641 0.185447
0 0.925069 0.133015 0.0627572 0.214275
