0 0.692445 0.398826 0.034951 0.127984
0 0.880713 0.389127 0.0371797 0.126514
0 0.575466 0.848215 0.0334235 0.133914
0 0.653772 0.833447 0.0325645 0.119781
0 0.922912 0.709478 0.0353602 0.12191
0 0.689396 0.835309 0.0323868 0.11807
0 0.615699 0.845636 0.0337418 0.126677
0 0.464655 0.841226 0.03074 0.128269
0 0.844386 0.711733 0.03315 0.119535
0 0.807784 0.838225 0.0353331 0.114279
0 0.919178 0.260061 0.0349361 0.109192
0 0.539047 0.854015 0.0285101 0.121911
0 0.768194 0.263088 0.0327628 0.115301
0 0.960978 0.408256 0.034882 0.126054
0 0.845676 0.25958 0.0352632 0.124747
0 0.960523 0.714789 0.0353497 0.119706
0 0.420838 0.847524 0.0319536 0.126275
0 0.72971 0.829339 0.0301226 0.11393
0 0.887916 0.829399 0.0363231 0.120042
