0 0.625416 0.692112 0.109444 0.0938397
0 0.329849 0.693095 0.102767 0.0913357
0 0.33159 0.467643 0.11066 0.0965052
0 0.753811 0.687412 0.110899 0.0960887
0 0.339265 0.803067 0.104849 0.0877322
0 0.207799 0.695664 0.114919 0.0928397
0 0.990486 0.570606 0.0190289 0.0921014
0 0.64865 0.467727 0.104582 0.0890898
0 0.635526 0.580192 0.109995 0.0942333
0 0.213528 0.476945 0.117093 0.0850337
0 0.631769 0.807304 0.109878 0.0951894
0 0.755038 0.579394 0.101022 0.0857721
0 0.318556 0.574546 0.106353 0.0850051
0 0.756357 0.466614 0.106 0.0904637
0 0.218645 0.803883 0.1077 0.0856422
0 0.0402254 0.928857 0.0797226 0.142287
0 0.99093 0.466645 0.0181393 0.103951
