0 0.754012 0.711122 0.0400606 0.140831
0 0.47426 0.879093 0.0384761 0.151026
0 0.708587 0.86596 0.0389678 0.13874
0 0.426021 0.882282 0.0382715 0.160696
0 0.237393 0.881126 0.0412059 0.152594
0 0.379595 0.889974 0.0360238 0.148353
0 0.843382 0.159902 0.0437354 0.13357
0 0.521112 0.864091 0.0362466 0.142517
0 0.753036 0.159226 0.0428678 0.151808
0 0.797525 0.314928 0.0429852 0.146779
0 0.56821 0.328585 0.0401531 0.15471
0 0.807107 0.854342 0.0409299 0.149515
0 0.894782 0.714025 0.0407663 0.142532
0 0.564929 0.863987 0.0342979 0.137984
0 0.896128 0.336148 0.0402906 0.149788
0 0.659279 0.161612 0.0373666 0.133304
0 0.289497 0.871219 0.0412088 0.153091
0 0.614206 0.855831 0.0358712 0.134154
0 0.849805 0.706935 0.0398991 0.143982
