0 0.761407 0.417104 0.0609849 0.0562556
0 0.215783 0.879505 0.0588283 0.0541304
0 0.6986 0.754862 0.0589984 0.0542027
0 0.274611 0.417575 0.0624328 0.0577679
0 0.523452 0.353479 0.0649203 0.0593073
0 0.460282 0.823781 0.0603714 0.0594884
0 0.531247 0.824487 0.0636968 0.0600171
0 0.522455 0.483651 0.060412 0.0537253
0 0.206307 0.483427 0.0621665 0.0526412
0 0.762135 0.287246 0.0675863 0.0593957
0 0.209486 0.285453 0.0646856 0.0576365
0 0.754806 0.347786 0.0616565 0.0579296
0 0.695487 0.290035 0.0633462 0.0565745
0 0.698565 0.820709 0.0598635 0.0574876
0 0.217812 0.819673 0.0625121 0.0601177
0 0.933448 0.483693 0.0650349 0.0524476
0 0.692503 0.878792 0.0609152 0.0561894
0 0.447116 0.291039 0.058445 0.0594013
0 0.286655 0.888764 0.0622907 0.0597269
0 0.516977 0.289925 0.0618772 0.0593956
0 0.771014 0.888786 0.061557 0.0605208
0 0.690842 0.4179 0.0667343 0.0594114
0 0.456057 0.420943 0.0631935 0.0611317
0 0.273636 0.481338 0.0673414 0.0602507
0 0.0457992 0.882097 0.0690184 0.0612837
0 0.945538 0.289797 0.066798 0.0566715
0 0.526392 0.888582 0.0686354 0.0618797
0 0.279276 0.281729 0.0687803 0.05811
0 0.45502 0.358092 0.0623682 0.0577589
0 0.6976 0.477791 0.0666723 0.0562934
0 0.212872 0.75627 0.0673729 0.0600685
0 0.938029 0.353203 0.068858 0.0592607
0 0.285932 0.826332 0.0672872 0.0619795
0 0.212869 0.352748 0.0648672 0.0590098
0 0.0453133 0.353045 0.0733026 0.0628444
0 0.523133 0.417465 0.0690604 0.0626652
0 0.912289 0.888063 0.0663312 0.0618402
0 0.0484619 0.478519 0.066627 0.0567419
0 0.928848 0.817868 0.0672484 0.0620885
0 0.766279 0.479185 0.0637002 0.0554396
0 0.987622 0.351807 0.0247554 0.0608702
0 0.280399 0.351173 0.0670694 0.0627016
0 0.988303 0.288969 0.0233939 0.0617636
0 0.31329 0.759486 0.0828305 0.0626126
0 0.457251 0.7602 0.0628202 0.0576042
0 0.0459887 0.284923 0.0730128 0.0554307
0 0.930968 0.418411 0.0714692 0.0631289
0 0.772446 0.759376 0.0686993 0.0626986
0 0.0446714 0.415852 0.0692152 0.0579493
0 0.448787 0.478785 0.069994 0.0532823
0 0.536701 0.638619 0.0651723 0.0753391
0 0.982961 0.886849 0.0338361 0.0627244
0 0.992147 0.822678 0.0157054 0.0539554
0 0.157942 0.605724 0.0652408 0.0576782
