0 0.390747 0.847676 0.0844723 0.0762401
0 0.38029 0.327518 0.0765219 0.0716357
0 0.911993 0.753626 0.0737883 0.0690396
0 0.0883511 0.246817 0.0914451 0.0716641
0 0.898775 0.331009 0.0881268 0.0734426
0 0.704193 0.844834 0.078544 0.0755278
0 0.912141 0.835536 0.0789409 0.0753868
0 0.908398 0.406974 0.0859678 0.0667853
0 0.697645 0.927501 0.0836252 0.0738869
0 0.390132 0.929232 0.0764225 0.0739293
0 0.296943 0.757367 0.0862194 0.0746186
0 0.688655 0.413404 0.0802808 0.0722849
0 0.384537 0.158999 0.0874236 0.0741126
0 0.0921795 0.404163 0.0816301 0.0705503
0 0.377915 0.409339 0.0831509 0.0720968
0 0.604766 0.258514 0.075567 0.0716416
0 0.691867 0.329896 0.0882762 0.0739407
0 0.0931558 0.162042 0.0908546 0.0721217
0 0.599336 0.4068 0.0850657 0.0659494
0 0.606014 0.335028 0.0751388 0.0763243
0 0.972703 0.33128 0.0545937 0.0688158
0 0.426287 0.762859 0.10454 0.0789831
0 0.69186 0.251881 0.0823458 0.070895
0 0.301811 0.247188 0.0813438 0.0715874
0 0.982791 0.927284 0.033511 0.0729761
0 0.302989 0.83995 0.0824002 0.0738835
0 0.387221 0.246983 0.0819953 0.0728219
0 0.683061 0.174484 0.0805343 0.0719297
0 0.611549 0.844675 0.0786783 0.0729394
0 0.0807654 0.923671 0.0877308 0.0761164
0 0.299207 0.163722 0.0824379 0.0748972
0 0.0888658 0.32474 0.0853107 0.0742505
0 0.594112 0.173864 0.0747041 0.0701323
0 0.90041 0.176577 0.0789191 0.0701109
0 0.608551 0.762635 0.0788069 0.0741743
0 0.981615 0.761049 0.0364995 0.0756846
0 0.294657 0.409931 0.0741959 0.0655753
0 0.905832 0.914396 0.0802455 0.0758176
0 0.975861 0.40958 0.0482782 0.0672281
0 0.970693 0.17 0.0586142 0.0719191
0 0.968487 0.248241 0.0630266 0.0687913
0 0.300673 0.916858 0.077185 0.069754
0 0.702338 0.762325 0.0797124 0.0776169
