0 0.680585 0.422585 0.0462908 0.0449678
0 0.342373 0.420767 0.0456096 0.0427777
0 0.852722 0.37898 0.0520115 0.0456195
0 0.220021 0.753549 0.044595 0.0440347
0 0.0522986 0.457727 0.047051 0.0419511
0 0.342399 0.376402 0.0447806 0.0435175
0 0.853678 0.333977 0.0517769 0.0407568
0 0.734137 0.331985 0.04425 0.0426694
0 0.387298 0.32651 0.0445226 0.0437546
0 0.336605 0.327622 0.0440314 0.0439916
0 0.90644 0.379583 0.0535065 0.0454321
0 0.854123 0.425111 0.0503354 0.0456269
0 0.515326 0.70613 0.042283 0.0430028
0 0.168449 0.657711 0.0479364 0.0436796
0 0.219768 0.707355 0.0480586 0.0438005
0 0.509782 0.418167 0.0475421 0.0435133
0 0.559791 0.418918 0.0437398 0.0439445
0 0.560721 0.327253 0.0461339 0.0433841
0 0.690232 0.33097 0.0458739 0.0433079
0 0.513103 0.330426 0.0446738 0.042311
0 0.511935 0.7511 0.0439159 0.0438109
0 0.171907 0.703869 0.045996 0.0425759
0 0.731536 0.756022 0.050148 0.0438737
0 0.390705 0.373216 0.0477542 0.0465282
0 0.734473 0.376377 0.0452272 0.0410089
0 0.391988 0.754558 0.0481282 0.0422199
0 0.0493368 0.368697 0.0516511 0.0450454
0 0.68526 0.375789 0.0460786 0.0419698
0 0.0493515 0.414866 0.0482616 0.0420927
0 0.217395 0.371309 0.048576 0.0476725
0 0.850895 0.470721 0.0456153 0.0404209
0 0.395823 0.708283 0.0478792 0.0459143
0 0.213265 0.416964 0.0470128 0.0426787
0 0.852448 0.664995 0.0492228 0.0418757
0 0.906278 0.75438 0.0468172 0.042343
0 0.667436 0.756576 0.0458726 0.043384
0 0.342922 0.662407 0.0453345 0.0436521
0 0.39143 0.418684 0.0465787 0.0424111
0 0.679592 0.708402 0.0475304 0.0441771
0 0.903628 0.425169 0.0470243 0.04474
0 0.983421 0.169223 0.029261 0.0826968
0 0.168118 0.322425 0.046273 0.0412165
0 0.21707 0.321046 0.0489102 0.042439
0 0.562795 0.464088 0.0444116 0.0422447
0 0.513065 0.46196 0.0443928 0.0398487
0 0.683366 0.46783 0.0466361 0.04059
0 0.345379 0.709087 0.0434994 0.041611
0 0.555452 0.37106 0.042918 0.0423965
0 0.169093 0.37101 0.047178 0.0431683
0 0.90761 0.709675 0.0449034 0.0431265
0 0.163929 0.462865 0.0465029 0.0398025
0 0.568111 0.665187 0.0482153 0.047299
0 0.0481868 0.747359 0.049687 0.0451628
0 0.169934 0.745264 0.0431994 0.0371421
0 0.0511892 0.32103 0.0517629 0.0420429
0 0.739906 0.710504 0.0442361 0.0436056
0 0.567447 0.755885 0.044583 0.0426675
0 0.515549 0.660135 0.0411978 0.0403215
0 0.509052 0.374305 0.0443252 0.0416596
0 0.212095 0.463211 0.0474527 0.0441263
0 0.109174 0.659891 0.0457807 0.090175
0 0.239557 0.661983 0.0588743 0.0440027
0 0.337471 0.461182 0.051756 0.0408607
0 0.389216 0.46453 0.0440353 0.0405885
0 0.852715 0.712068 0.0434792 0.042954
0 0.910287 0.663486 0.0494568 0.0417965
