0 0.0509339 0.457335 0.0483192 0.0419017
0 0.853568 0.333399 0.0512718 0.0407607
0 0.852169 0.378482 0.0522914 0.0452004
0 0.341573 0.376374 0.0455961 0.044343
0 0.905895 0.378077 0.0530697 0.0450967
0 0.341615 0.421159 0.0461167 0.0428593
0 0.679947 0.421649 0.0470489 0.0439848
0 0.558285 0.418467 0.0450462 0.0434867
0 0.335789 0.32761 0.0438421 0.0434322
0 0.510449 0.751203 0.0459478 0.0436854
0 0.512022 0.329433 0.0453772 0.0438113
0 0.853665 0.424561 0.0505223 0.0465774
0 0.0483024 0.368608 0.0514302 0.0447851
0 0.0472911 0.414708 0.047941 0.042347
0 0.218561 0.753307 0.0464549 0.0442772
0 0.218727 0.7072 0.0481203 0.0431257
0 0.389546 0.373213 0.0482918 0.0463531
0 0.509003 0.418311 0.0483591 0.0430773
0 0.166777 0.658017 0.0490865 0.0431542
0 0.850002 0.470534 0.0448557 0.0398396
0 0.560656 0.326325 0.0462155 0.0436474
0 0.514837 0.706213 0.042896 0.043105
0 0.733339 0.331171 0.0442658 0.0420519
0 0.395162 0.708165 0.0468341 0.0454443
0 0.982452 0.169268 0.0288113 0.0823981
0 0.38656 0.325767 0.0443494 0.0441221
0 0.903115 0.424811 0.0471409 0.0456228
0 0.211564 0.41681 0.0471719 0.0436761
0 0.390614 0.754469 0.0492061 0.0426359
0 0.679013 0.708696 0.0480615 0.044099
0 0.170801 0.703926 0.0460611 0.0428403
0 0.731125 0.756357 0.050157 0.0451439
0 0.114778 0.637672 0.0507777 0.0787646
0 0.166612 0.322069 0.0457562 0.0414189
0 0.68949 0.330109 0.0454043 0.0451444
0 0.732838 0.375766 0.044477 0.0416154
0 0.168371 0.371033 0.0477235 0.0443002
0 0.389499 0.418312 0.0469656 0.0420476
0 0.216435 0.32059 0.048525 0.0437561
0 0.388409 0.464881 0.0454695 0.0414597
0 0.852075 0.665248 0.0495237 0.0428253
0 0.562161 0.463221 0.044736 0.0419273
0 0.906773 0.709771 0.0451328 0.0437016
0 0.68252 0.467257 0.0460337 0.0403998
0 0.210547 0.46334 0.0486258 0.0441448
0 0.344437 0.709087 0.0443367 0.0423673
0 0.684388 0.375375 0.0463991 0.0418523
0 0.216739 0.37038 0.047326 0.0453659
0 0.512346 0.462269 0.0441903 0.0399497
0 0.34201 0.662279 0.045788 0.0434565
0 0.739655 0.709904 0.0451011 0.043529
0 0.905926 0.754165 0.0454586 0.0413172
0 0.66612 0.756463 0.0447486 0.0439086
0 0.169054 0.745663 0.0427816 0.0382225
0 0.554843 0.371263 0.042957 0.0411455
0 0.567591 0.665482 0.0489298 0.0473388
0 0.163444 0.462265 0.0471232 0.0406331
0 0.852512 0.712581 0.0447399 0.0429289
0 0.508558 0.373191 0.0444376 0.0413162
0 0.514985 0.659893 0.0419054 0.0407067
0 0.0467067 0.748361 0.050193 0.0461614
0 0.336004 0.461606 0.0514822 0.041031
0 0.567263 0.756565 0.0441536 0.0423539
0 0.0498667 0.320817 0.0524387 0.042864
0 0.238728 0.661754 0.0591933 0.0446323
0 0.909016 0.663077 0.0469681 0.0418915
