0 0.0272317 0.880474 0.0541873 0.206912
0 0.475994 0.121659 0.0565044 0.211687
0 0.349439 0.877209 0.0520391 0.203234
0 0.730267 0.646916 0.0536119 0.190815
0 0.412263 0.855705 0.0490233 0.198476
0 0.66894 0.859153 0.0541171 0.185399
0 0.921175 0.650437 0.0602124 0.195384
0 0.802682 0.843441 0.0559327 0.19923
0 0.470987 0.858353 0.0461203 0.18616
0 0.219734 0.889692 0.0484641 0.200323
0 0.789206 0.102898 0.05983 0.205796
0 0.0925059 0.865808 0.0688537 0.20908
0 0.282732 0.883652 0.0528375 0.222583
0 0.859357 0.639904 0.0581921 0.199451
0 0.922055 0.133972 0.061578 0.213533
0 0.537973 0.844102 0.0440599 0.18126
