0 0.790725 0.446475 0.0563054 0.054227
0 0.046919 0.490905 0.0555162 0.0497243
0 0.980283 0.391943 0.0394346 0.0508966
0 0.454679 0.785751 0.0538776 0.0555992
0 0.185002 0.725345 0.0566307 0.0508791
0 0.802886 0.336711 0.0532764 0.0488977
0 0.648441 0.332349 0.0553311 0.0501164
0 0.186646 0.38554 0.0550074 0.0479578
0 0.447462 0.388544 0.056434 0.0538012
0 0.595333 0.782283 0.0502889 0.0512964
0 0.246517 0.839148 0.0529553 0.0523668
0 0.588238 0.442943 0.0563777 0.0525235
0 0.383541 0.335347 0.0505226 0.051349
0 0.652385 0.495761 0.052254 0.0492457
0 0.443356 0.333223 0.0522886 0.0481718
0 0.789725 0.783139 0.0566716 0.0552129
0 0.796019 0.390051 0.0547003 0.0503349
0 0.180422 0.495652 0.0548029 0.0473292
0 0.391645 0.730879 0.0520474 0.0494206
0 0.981774 0.33947 0.0364527 0.0484294
0 0.237396 0.440098 0.0544136 0.0501591
0 0.390439 0.393124 0.0528397 0.0503793
0 0.647515 0.442459 0.0519515 0.0503017
0 0.189571 0.780383 0.0540053 0.0507018
0 0.183187 0.328196 0.0518889 0.0499247
0 0.853997 0.33812 0.0513802 0.0479104
0 0.24637 0.785568 0.0571767 0.0532606
0 0.983153 0.448418 0.0336945 0.0530572
0 0.860554 0.786165 0.0528883 0.0511505
0 0.385164 0.493806 0.0611792 0.0508138
0 0.448011 0.441851 0.0560844 0.052063
0 0.390767 0.445013 0.0527992 0.0501069
0 0.241958 0.386193 0.0560126 0.0499277
0 0.595381 0.728123 0.0488912 0.0457545
0 0.236284 0.495348 0.058202 0.0521671
0 0.642516 0.385535 0.0504449 0.0480139
0 0.981951 0.732128 0.0360976 0.0463544
0 0.587075 0.388066 0.049633 0.0462393
0 0.657556 0.733914 0.057818 0.0554213
0 0.854127 0.391791 0.0529386 0.048564
0 0.589663 0.833325 0.0525185 0.0499282
0 0.774949 0.840092 0.0549727 0.0529614
0 0.593591 0.494348 0.0530672 0.0458069
0 0.449596 0.840584 0.0568286 0.0510096
0 0.982144 0.502594 0.0357112 0.0426544
0 0.187 0.830172 0.0501682 0.0459283
0 0.0436566 0.833323 0.0569528 0.051768
0 0.0436258 0.437839 0.0574345 0.0488726
0 0.592099 0.33815 0.051348 0.0486473
0 0.394872 0.78492 0.0509575 0.0519429
0 0.793098 0.500028 0.0547295 0.0465013
0 0.983569 0.787157 0.0328627 0.0494361
0 0.446298 0.497473 0.0513668 0.0481563
0 0.241518 0.326943 0.0576388 0.0498125
0 0.85037 0.839824 0.0600393 0.053204
0 0.0455724 0.327482 0.0599953 0.0486189
0 0.0446261 0.384212 0.0583051 0.0493245
0 0.656579 0.841511 0.0515625 0.0506254
0 0.26942 0.729363 0.0717885 0.0534634
