0 0.51917 0.287813 0.0618793 0.0594727
0 0.524563 0.353103 0.0643064 0.0590906
0 0.217532 0.877196 0.0593258 0.0548036
0 0.287249 0.886365 0.0608359 0.0587637
0 0.208566 0.481939 0.0625171 0.0519375
0 0.761818 0.413795 0.0620021 0.0601494
0 0.276236 0.415658 0.0618295 0.0556439
0 0.699563 0.751595 0.0580201 0.0530743
0 0.458505 0.757711 0.0612776 0.0593601
0 0.379654 0.661553 0.0593903 0.0524557
0 0.210753 0.283745 0.064593 0.0581574
0 0.695882 0.288972 0.0627928 0.0567459
0 0.5335 0.821237 0.064746 0.0625993
0 0.763081 0.283039 0.0677409 0.0624672
0 0.214724 0.754386 0.0658982 0.0596899
0 0.699433 0.816789 0.0606176 0.0584314
0 0.946619 0.285794 0.0683357 0.056333
0 0.52244 0.482195 0.0607348 0.0535229
0 0.693707 0.877236 0.0612876 0.0575869
0 0.528246 0.885728 0.0685808 0.0585359
0 0.048401 0.881065 0.0683219 0.0613679
0 0.448426 0.290736 0.0590692 0.0604071
0 0.214909 0.352819 0.0651737 0.0574617
0 0.461547 0.821881 0.0610727 0.0622372
0 0.218994 0.817662 0.0630502 0.05887
0 0.288047 0.823083 0.0656868 0.0623337
0 0.756173 0.345773 0.0626183 0.0550707
0 0.275257 0.479061 0.06567 0.057622
0 0.914664 0.884505 0.065946 0.0592205
0 0.455685 0.358447 0.0619881 0.0579264
0 0.939371 0.350241 0.0691641 0.0603782
0 0.28054 0.280093 0.0671643 0.0584752
0 0.772782 0.885323 0.0614887 0.0600012
0 0.691652 0.413679 0.067932 0.0592729
0 0.469014 0.588699 0.0628222 0.0596887
0 0.524989 0.414887 0.0678315 0.0606947
0 0.457573 0.419187 0.0621457 0.0607647
0 0.698001 0.475903 0.0658562 0.0539222
0 0.0502859 0.477694 0.0662128 0.0554225
0 0.934179 0.480711 0.0647481 0.0529978
0 0.93041 0.814924 0.0669872 0.0616804
0 0.774083 0.756128 0.0683518 0.0624569
0 0.931351 0.415187 0.0693934 0.0618639
0 0.281671 0.35122 0.0661203 0.0570622
0 0.0466818 0.351092 0.0733242 0.0600056
0 0.76781 0.474218 0.0644513 0.0574594
0 0.0465891 0.414359 0.0683156 0.0583032
0 0.0480292 0.283279 0.0740928 0.055391
0 0.314178 0.757674 0.0820914 0.0635488
0 0.451362 0.476884 0.0690489 0.0511091
0 0.988591 0.286819 0.0228175 0.0615705
0 0.988146 0.350759 0.0235791 0.0587287
0 0.983102 0.881809 0.0333988 0.0598346
0 0.992188 0.818361 0.0156243 0.0510398
