0 0.462873 0.917264 0.0232131 0.0927108
0 0.97655 0.81393 0.0468992 0.091237
0 0.491253 0.907244 0.0251496 0.10281
0 0.55637 0.905141 0.0246622 0.0938282
0 0.646215 0.674177 0.0253401 0.0973887
0 0.39867 0.903772 0.0234396 0.0934265
0 0.584153 0.904597 0.0269485 0.107826
0 0.680172 0.899459 0.0262016 0.118563
0 0.987256 0.919706 0.0254882 0.0848863
0 0.274739 0.903369 0.0246983 0.0944194
0 0.585937 0.684781 0.028893 0.104356
0 0.678649 0.670102 0.0245981 0.0926204
0 0.523887 0.909434 0.0243352 0.0988261
0 0.64728 0.909468 0.0276026 0.0982123
0 0.524162 0.688746 0.025276 0.104444
0 0.64922 0.319137 0.0275592 0.103051
0 0.712157 0.900733 0.0273433 0.101021
0 0.711007 0.210686 0.0250655 0.0965464
0 0.463073 0.67785 0.0251664 0.103849
0 0.428405 0.681643 0.0258744 0.102422
0 0.616937 0.674931 0.0263357 0.0997699
0 0.867881 0.32814 0.0262036 0.104209
0 0.742084 0.678453 0.0260433 0.100511
0 0.988969 0.776182 0.0220616 0.0730587
0 0.554291 0.68735 0.0273389 0.108725
0 0.802053 0.315605 0.0264273 0.0974027
0 0.833371 0.20718 0.0278241 0.0976872
0 0.806257 0.672453 0.0254031 0.0968321
0 0.835167 0.571936 0.0263043 0.098404
0 0.7722 0.574397 0.0270547 0.0996969
0 0.822137 0.884158 0.0482731 0.085922
0 0.774012 0.208267 0.0297042 0.10501
0 0.865823 0.578903 0.0275754 0.0995057
