0 0.52081 0.75948 0.0237541 0.0921223
0 0.877384 0.963178 0.0470608 0.0736434
0 0.572471 0.954426 0.0243553 0.0878897
0 0.897305 0.940296 0.0484121 0.0874175
0 0.437667 0.95086 0.022161 0.0903551
0 0.599749 0.746828 0.0216107 0.0797692
0 0.572469 0.753211 0.0212746 0.0839658
0 0.68226 0.349789 0.0235358 0.0905768
0 0.466419 0.953501 0.0226021 0.0856786
0 0.466753 0.7622 0.0229252 0.0904069
0 0.860709 0.875742 0.0490273 0.0831409
0 0.680106 0.665547 0.0225381 0.0859138
0 0.980821 0.6321 0.0383578 0.0812833
0 0.414789 0.958394 0.0217521 0.0832125
0 0.546906 0.750779 0.0245311 0.085672
0 0.358668 0.949456 0.0226919 0.0828598
0 0.385125 0.758433 0.0234654 0.0906843
0 0.733999 0.352197 0.0237311 0.0835181
0 0.494129 0.949577 0.0209398 0.0862606
0 0.711165 0.75 0.022258 0.0868739
0 0.65472 0.755155 0.0219851 0.0845766
0 0.706406 0.443717 0.0224836 0.0860326
0 0.879638 0.845175 0.045547 0.0775039
0 0.51832 0.948043 0.0222346 0.0957407
0 0.91537 0.905138 0.0481382 0.0874634
0 0.762416 0.453551 0.0229191 0.0914304
0 0.492958 0.759676 0.0235524 0.0994969
0 0.735089 0.663524 0.0222958 0.0876273
0 0.627966 0.352854 0.02359 0.0838395
0 0.76117 0.668621 0.0238737 0.0853338
0 0.933571 0.87292 0.0449198 0.078782
0 0.62813 0.947063 0.0236087 0.0886948
0 0.253315 0.94662 0.0229645 0.0836533
0 0.41418 0.753004 0.0241052 0.0898861
0 0.600738 0.947196 0.0234041 0.103942
0 0.963837 0.659807 0.0503792 0.0871347
0 0.575419 0.446421 0.0253805 0.0925819
0 0.723311 0.934843 0.0419697 0.0730595
0 0.990744 0.603017 0.0185126 0.0734176
0 0.992069 0.722749 0.0158614 0.0644626
